D163CCAF4AC24B75B49C630E43C5B910|2022 04 02
3534D4C063AA4C0095174A08C3E10203|2022 03 13
AB1C9B1802AE4221AB916EE62729505F|2022 03 13
8D937FB3EC254FC18B0EC425EE3EBB4B|2022 03 05
E6DFF5DB75F345448EE32765E183B24D|2022 04 02
126A6F44DBAC45C292EBF4F812DC743B|2022 03 05
7CA1889FE9814B34B13CE5B7E8384365|2022 03 15
AB88EB23EE1A41A1B5C748C53AA953A9|2022 03 15
5025CD08FE374CE9B6771E4E6E75B24F|2022 03 16
7C940E87EA734007AC563F6D91C0BFB4|2022 04 6
33797CC14F9E4EF584315E22676CA593|2022 03 16
10B780DF08AB496FAE7A419DF69955E1|2022 03 08
568F431ABAF04E3F8BA5F5537E48597B|2022 03 10
D2FD31D40CC94B279E8C01C2173BDFFF|2022 03 16



=========Key Trial
DJANXNABXJWLQPHEIQJDAJNDNSI72973|2022 03 06
EEAADDD5D0394D8994FC57302ED41F52|2022 03 06
7BC326BD4C5F4D30996E6ACF146A57BB|2022 03 06


=========Key Yang Sudah DiLimit
A7EC462C4ACF44D7B88519BB64803ED3|9999 12 31
61F4B2736B464DADB365CCD1DA198119|2022 10 10
499B5988358047C18581D02DE8805DDC|9999 01 01
98690B718A6A4222A28EDFC356CE93FC|2022 01 01
11DA33B940C24D30AC3F1A9F04D9ADBB|2022 01 01
DEBDB92D275F4F77BC8C0A0166D66873|2022 01 01
715D93D734364538B14AACD492C548ED|2022 01 02
9D9971A257344E85AB9504643E064306|2022 01 02
84854481B30F49D0990B33BBC1AC88F7|2022 01 02
429A86FA97A74F6F87B96190FDE19B12|2022 01 30
2CDB873EAFE9485EBD3CA8E49548C99D|2022 02 01
8C426D8147AA4E7F9D6F371FB4FA6134|9999 01 01
9703DC02920C4C2F8316A3AF79FACE3C|9999 01 01
A94DD44183FC41DCA4DA83EFC7C62ED0|2022 02 02
A43CDE440F84424BB401D00CA64F7800|2022 01 06
D8AD7110618347BBA3B7D5CFF4E41AE2|2022 01 06
41C8369D4FDC432F9BA5032648621101|2022 01 04
53876DBDADEC4642B264293F05138AF1|2022 01 04
08E3F849EF6A4181BEE4E0C632A8F7BE|2022 12 31
CC8D65B3E51B4135993D3B9D03060F2D|9999 01 01
5AE8DE95DA29418E968E97FC6B53372A|9999 01 01
CCC419EA565246E5B40E64387477CD8B|9999 01 01
EB753E095AFD4128B379E432064F3DCA|2022 01 10
0A40D6B004AF48AC90444BDE5C201480|2023 02 02
E422F8541C60403E9B653423041A928F|9999 02 02
641798E519C64F5E92D060F071920285|9999 01 01
0326802AE8524739AAB6F7B8AD06F6DB|9999 01 01
B9F98EF17DB34C02B9AB5BC1C28EF915|2022 01 31
CEB553C276B143BF8EDE46A0B9886024|2022 01 31
5860BA0170C74A118057CA194772536B|2022 01 12
B713FF0298604324A7A9C863BFC00796|2022 02 11
5064403A4A3F4E8AAF8105B2AB162077|2022 01 14
774F22EA7C9747C5A1325CA7BC060C1D|2022 02 14
F2E4358D35A44F58BCA2BB5D4F896F54|2022 02 11
11DA33B940C24D30AC3F1A9F04D9ADBB|2022 02 18
72E4E4F175A049C28FF53C13B85F26A4|2022 02 18
4B237AB0E69D433792B6AD5910519881|2022 01 20
83F266AE214B45CE812FAB2B5061FA7E|2022 02 14
E7FF4987CBFC4C49A6FE2E32977C9CA3|2022 01 28
D830F8A549844524B1E0A7FzF99058F6|2022 01 29
D830F8A549844524B1E0A7F6F99058F6|2022 01 30


B06AFE41F6FC4B5DA6D094DF99C8F43E|2025 01 01
99E53CDA5F35445782C687ABF8AC56B6|2022 02 02
62F40C8F6A97424E810C20B1AD023D63|2022 02 02
448D61C8C9C94BB3AA4977B4D25C8D0E|2022 02 11
25FCF221F3D24AB0BC3FE66D8B5C658A|2022 02 02
D4539228D32B4A9586689EBB24BF28B6|2022 02 08
6F521295CF9E4049A8CC37B179DA5AB7|2022 02 02
9A099F382C724237AE39D15D1645B68A|2022 02 04
6F3A552C321944CABFC3C7D9DFE9D016|2022 02 02
85D09D57B7E545DA9B285A2B21813353|2022 02 08
56BEE030BFCF44189080AD5D3E22032F|2022 02 04
076C6385402E4265A918F284E6AB5337|2022 02 04
226A7E63D8064601A5E944C1D2187C28|2022 02 04
12C118986DC54A95A7E1924AA8EF3E1B|2022 02 12
77E6E1AB7559488F8ED8F2AF91FFAF9B|2022 02 03
4C5F364DA83644418DDFCF45528C6EFC|2022 02 05
2565561AF53D420082E59AD8F1647BC1|2022 03 03
B672D369E71144A59A21738F9FCB49E1|2022 02 08
2565561AF53D420082E59AD8F1647BC1|2022 02 04
3DE356CC9C874160854C6C43EEDA6B97|2022 02 05
24F2617C61FA45F69CD2678B8374CF9B|2025 01 01
66C423BEBFF944FEB6EC731FCB5DAB0A|2022 02 05
4001EE1E27E84309A0A3FABEDA704603|2022 02 03
B43F1024C2204215BBEC0C196976EBA7|2022 02 10
0D4E5A9836B34D40BD835FAA1A06184E|2022 02 12
6910C91C36A5490E9B32C42807EAB3A5|2022 02 12
DE5C86DBBE3E41C7A2C218562ED1280B|2099 02 02
CFD5CF83A7A24D25BEDD86D63A61C31F|2022 02 13
667455F7A02A4B17A3776E2243502302|2022 02 09
0D04C3AF245F4666BDB005C849FD41C6|2099 12 29
51B42DEC8B8B48A6820675B5EB27DA8B|2022 02 14
266168DDB79F4BA895C762B6FC04F5B4|2099 01 01
CB4EFDE833A14A5AAF8DA0E3A78A1A52|2099 01 01
85EC5D96A1A84E72867BC4803AE5968D|2099 01 01
19224424400643c0b7f49daa8
3b8e4a3f33eb45a8bd82cd2ed61dc560
4747b3569b584653a74b315a4298bd6a
5afedf56c1ec4609aa0b42a2d8e9a6de
aad23d67b1+SUBHAN==
d25adbfb40474621b681aa2ac
7e0255b558e84703818b76deebee8024
624f0b9e1ba546ba83c4d8d67
